0,24,38,16,42,23
24,0,19,15,8,46
38,19,0,26,48,29
16,15,26,0,29,19
42,8,48,29,0,15
23,46,29,19,15,0
