0,43,17,3,42,18
43,0,29,12,15,49
17,29,0,15,27,11
3,12,15,0,42,29
42,15,27,42,0,47
18,49,11,29,47,0
