0,30,8,38,24,29
30,0,29,48,22,35
8,29,0,29,6,18
38,48,29,0,34,18
24,22,6,34,0,18
29,35,18,18,18,0
