0,34,7,36,16,12
34,0,35,7,13,27
7,35,0,45,2,11
36,7,45,0,17,23
16,13,2,17,0,17
12,27,11,23,17,0
