0,4,5,24,35,28,46
4,0,21,12,27,45,28
5,21,0,37,15,20,47
24,12,37,0,47,9,10
35,27,15,47,0,1,18
28,45,20,9,1,0,49
46,28,47,10,18,49,0
