0,9,40,27,43,21,24
9,0,22,8,47,48,25
40,22,0,23,28,28,6
27,8,23,0,37,5,25
43,47,28,37,0,29,49
21,48,28,5,29,0,33
24,25,6,25,49,33,0
