0,14,42,20,25,33,41
14,0,45,33,46,32,10
42,45,0,45,8,32,43
20,33,45,0,10,16,26
25,46,8,10,0,40,13
33,32,32,16,40,0,6
41,10,43,26,13,6,0
