0,48,41,2,32,49,42
48,0,34,21,2,15,25
41,34,0,2,39,32,36
2,21,2,0,9,40,50
32,2,39,9,0,35,16
49,15,32,40,35,0,31
42,25,36,50,16,31,0
