0,43,22,12,8,41,26
43,0,6,24,27,39,4
22,6,0,25,40,20,35
12,24,25,0,24,18,1
8,27,40,24,0,13,17
41,39,20,18,13,0,46
26,4,35,1,17,46,0
