0,20,37,47,17,23,30
20,0,10,1,42,19,18
37,10,0,39,38,45,42
47,1,39,0,40,45,5
17,42,38,40,0,22,5
23,19,45,45,22,0,19
30,18,42,5,5,19,0
