0,37,23,24,50,26,21
37,0,44,13,32,21,18
23,44,0,47,42,2,23
24,13,47,0,13,13,44
50,32,42,13,0,30,46
26,21,2,13,30,0,37
21,18,23,44,46,37,0
