0,35,33,10,16,41,45
35,0,10,11,15,3,27
33,10,0,35,12,29,18
10,11,35,0,18,12,44
16,15,12,18,0,49,14
41,3,29,12,49,0,20
45,27,18,44,14,20,0
