0,21,1,37,38,13,47
21,0,21,12,41,35,22
1,21,0,30,26,38,40
37,12,30,0,17,35,36
38,41,26,17,0,25,38
13,35,38,35,25,0,21
47,22,40,36,38,21,0
